qShort qLong baseline 
53797 99205 456 
50189 76925 498 
49123 90836 458 
56551 104360 464 
56697 104341 420 
53151 91542 463 
55188 94604 480 
58182 114944 422 
52416 94278 452 
54383 85610 521 
65587 138031 421 
112485 166467 323 
51859 90567 455 
54695 94271 482 
50442 81850 477 
55398 99369 442 
46661 59822 541 
46997 56786 556 
50240 73693 486 
45223 56495 469 
56769 101396 453 
54352 66214 515 
54728 96005 450 
48803 89887 457 
56125 95248 493 
56995 101322 434 
54734 92195 473 
51523 92747 481 
55147 104632 429 
51265 94280 445 
53673 96080 465 
51742 97762 474 
53516 94593 450 
54665 105978 444 
53221 92046 484 
54758 94372 444 
53577 96948 431 
53487 95972 473 
55647 105881 451 
58765 104118 445 
51819 78656 513 
52223 81224 482 
104396 145605 329 
44828 72285 385 
45907 57706 566 
51391 107995 484 
53636 92699 454 
48988 92127 471 
53611 106322 437 
54070 94276 441 
14469 77985 355 
53086 88699 371 
50093 81453 493 
53157 90934 487 
52722 99495 433 
46154 69453 475 
49401 76761 505 
50533 80435 478 
50678 80551 475 
41068 56149 520 
53151 92267 472 
54699 80942 560 
114247 197614 313 
49637 79521 476 
55040 87388 470 
53389 87554 444 
54506 90488 500 
52661 94086 468 
54450 95355 446 
52442 101071 455 
52352 83276 510 
52342 90659 480 
52229 82174 459 
49399 101159 456 
53494 93534 469 
55606 95460 448 
60570 114171 463 
12323 58576 424 
53799 88214 500 
54972 114243 434 
52876 94182 434 
52091 86266 491 
54156 87633 464 
56414 110392 419 
67777 120971 517 
51038 87738 512 
45960 47243 536 
51438 99280 425 
47864 71653 574 
50408 89484 476 
54401 96244 459 
51604 95742 468 
56893 123055 425 
42667 50265 474 
52889 93086 458 
56225 97914 475 
95076 166776 393 
53544 84942 472 
52932 86917 501 
56930 108630 465 
55533 100105 455 
73967 135380 418 
58189 99309 534 
108052 168754 300 
61463 106220 419 
54067 93000 478 
65709 129178 433 
53779 96803 443 
51088 84535 476 
53068 92956 485 
55645 94036 450 
51451 93367 454 
53554 84967 487 
51963 93181 490 
53623 92908 453 
55439 99842 443 
54290 98357 474 
50830 89900 431 
53319 93966 440 
56561 97878 461 
48870 72014 523 
56035 99810 441 
52485 95510 492 
50753 78751 522 
65988 122317 425 
55360 110330 352 
55234 108817 446 
52090 96042 482 
53422 95968 426 
50192 86820 453 
61373 110031 471 
57123 97162 476 
50925 88246 434 
54258 91671 471 
53481 90950 451 
55375 98668 436 
54352 94861 455 
55127 103480 443 
55799 96671 464 
52295 98866 442 
51888 72455 501 
52487 93564 526 
54705 85639 468 
54139 89238 470 
52183 97401 458 
51531 86954 466 
49570 77164 463 
53040 95599 475 
62845 108886 464 
52331 92704 449 
53675 89121 494 
52331 96868 481 
53054 84843 485 
55032 96476 429 
52552 90439 483 
3770 73945 364 
55675 96119 463 
53665 96065 444 
53528 96936 470 
53156 90234 511 
54041 93291 446 
58255 102537 430 
55288 99719 469 
46145 60233 540 
51144 89889 462 
40682 36422 618 
56965 104482 470 
16590 -50940 705 
54088 92067 460 
48537 83741 485 
54756 99494 443 
52707 97235 459 
51465 88653 478 
-6790 63407 385 
51729 87799 513 
53449 89042 471 
59576 101931 468 
52862 93757 488 
15526 107763 354 
53437 83885 481 
55039 108626 433 
50515 97301 471 
54852 48733 611 
57191 108637 405 
57994 122320 434 
56792 104597 383 
40227 52715 494 
55159 95887 460 
54151 95457 466 
52831 92559 513 
52760 94852 451 
55031 97535 453 
51636 94630 482 
54913 95846 439 
55306 95032 464 
1537 65253 255 
53499 94855 469 
46698 66736 550 
53773 97880 441 
57675 105501 445 
53143 96318 485 
54676 96359 450 
50467 85983 453 
55007 99092 468 
57319 104880 449 
53126 98410 422 
52879 89785 456 
54246 109091 446 
64638 117588 339 
58559 113696 461 
59289 125654 474 
51014 93348 479 
52566 93015 455 
55196 108902 438 
52774 94240 471 
60420 108166 493 
52091 100923 465 
54047 94795 488 
51227 83730 499 
55503 117910 428 
55282 95776 463 
53578 99034 455 
61482 114266 432 
50003 79262 449 
52505 104465 402 
43137 56108 560 
63151 119375 381 
6345 86502 238 
58324 73128 525 
59128 105797 453 
58381 109501 422 
53392 99669 427 
54390 93109 472 
-2027 32938 349 
51403 86027 490 
53740 93196 456 
52203 95263 480 
53709 95713 471 
58484 105952 447 
53026 93727 434 
57027 100290 464 
55709 105522 459 
55154 93447 449 
52747 93353 485 
55071 96726 474 
54066 102108 452 
7245 44642 409 
52068 84930 454 
48704 77725 506 
11013 59981 334 
57991 115123 420 
71714 121573 479 
54873 102038 462 
46243 62699 575 
71760 127281 329 
58517 119048 419 
51715 93731 480 
42303 49045 508 
55155 93986 450 
53388 96499 471 
53441 88579 558 
52128 87458 483 
55376 110493 430 
51776 90431 482 
46619 56181 571 
52286 96914 436 
54434 94694 489 
50994 75097 549 
62234 123728 374 
58274 100538 532 
43683 90209 432 
49976 80588 476 
57823 110134 419 
61965 124309 422 
51059 93467 500 
55240 95401 452 
52320 94619 456 
54064 95084 479 
53806 99020 458 
54245 96561 447 
56149 100810 452 
53270 94031 487 
55340 93532 457 
53666 96569 456 
55036 95349 482 
51839 88963 451 
53630 74463 470 
52087 96016 465 
55870 98750 494 
55693 99904 443 
54327 97368 477 
52845 88826 466 
36092 38376 555 
58963 91075 498 
55357 101686 440 
55132 88116 493 
48120 63615 513 
51857 94472 465 
55585 97724 464 
48354 75279 480 
56051 104524 411 
52938 84184 497 
55681 97557 466 
52255 89325 477 
54065 87386 491 
51441 96233 474 
45857 69123 473 
54035 95467 424 
55594 102994 444 
50360 92917 416 
44215 62289 438 
42538 48611 542 
54511 83779 496 
54579 87941 465 
53549 92741 435 
51225 94984 471 
55089 94998 467 
53247 94607 450 
56481 101177 471 
52272 96732 465 
-2700 59080 322 
54664 101292 447 
56423 94675 441 
53957 96984 474 
57594 99819 453 
52634 92237 452 
59616 100094 499 
52620 96936 479 
52628 92203 442 
53551 89913 462 
51769 88900 476 
56969 113940 430 
51312 89858 468 
46654 73794 495 
49827 82493 473 
52578 90591 453 
52799 92306 459 
53928 95542 475 
55478 96270 475 
53701 93414 442 
5412 87864 226 
56038 96388 487 
53660 94935 480 
55044 101623 414 
53159 93120 460 
53412 89071 490 
41336 52481 499 
55825 98051 461 
46772 83754 458 
52000 92594 506 
53931 83628 475 
46867 52662 540 
42514 57833 545 
51427 91684 448 
54075 93140 462 
5928 68854 268 
51994 91409 475 
61582 112748 467 
51630 94921 446 
53233 87220 461 
55396 95428 480 
51132 95647 448 
57360 89280 480 
53624 103716 442 
52882 82669 521 
56288 99748 447 
52576 88168 476 
51230 91458 491 
55523 94113 445 
54901 94039 466 
51989 93646 462 
55139 108139 439 
52434 95820 448 
52409 81890 537 
57438 120877 401 
61264 117482 366 
52010 86124 424 
51827 80003 477 
54097 95758 474 
46056 67417 484 
56075 104932 423 
55432 100409 484 
48597 70319 467 
56114 113852 381 
51316 93722 475 
50840 83528 494 
57492 105717 426 
51091 81513 482 
55124 96152 517 
61050 118727 435 
53176 80680 459 
53573 99191 474 
54143 114447 372 
22022 10087 615 
50974 71570 526 
59843 119132 421 
51781 93973 455 
50563 77907 448 
52875 92506 487 
53512 86787 495 
50786 91568 451 
54381 103182 466 
52316 89838 484 
47479 80645 470 
54092 92793 441 
54569 105136 466 
53146 97918 467 
51071 92172 450 
52402 90203 482 
56840 96511 464 
10846 57374 433 
52709 92127 469 
49957 78765 455 
49495 83304 467 
52897 97146 467 
56545 95452 487 
49133 87004 493 
45465 71162 527 
61272 123594 357 
53073 91323 447 
54423 98455 480 
55908 105436 514 
48924 88188 462 
53652 107810 469 
53710 117088 450 
60270 111919 430 
46725 57156 525 
50603 89559 483 
53240 95928 443 
54760 87311 492 
56014 111961 462 
63414 122871 401 
54987 104146 454 
48325 75261 465 
49967 61420 597 
57677 118227 428 
53333 101256 436 
55013 87114 514 
53739 102729 496 
53723 94394 448 
58386 99975 467 
53495 93998 481 
56041 92552 455 
53548 100080 443 
3055 68819 280 
56902 102980 462 
52402 94461 491 
54308 94907 449 
57221 102409 450 
54008 97105 475 
57827 107811 432 
41361 81081 460 
56147 92789 486 
50834 89312 494 
56580 108255 418 
50613 75715 472 
96847 164288 296 
54583 68014 528 
51297 93472 430 
55067 106164 457 
53244 103319 504 
52172 87914 460 
51289 80293 470 
53266 92379 479 
31970 21116 603 
54908 102052 432 
61302 118560 372 
51964 87245 501 
56178 106139 429 
59922 121519 411 
48194 85315 451 
49296 76191 501 
45529 62557 476 
54449 91912 470 
14464 71697 376 
66314 135014 421 
63911 130692 370 
52859 94762 474 
53650 94758 473 
48618 87106 466 
54157 99373 424 
54701 94687 476 
50530 94154 467 
54352 95623 447 
53424 109905 439 
53997 97582 470 
55430 95937 452 
53612 97975 425 
55147 95903 479 
51128 97569 446 
54163 94007 449 
51854 94524 477 
50099 93017 473 
59874 113684 434 
50391 90620 450 
56318 99953 480 
52945 100465 422 
50660 60390 579 
47047 68335 541 
55259 111755 499 
57274 95819 442 
42914 46687 542 
59409 120858 397 
12668 69008 374 
51717 96539 461 
56658 102767 434 
52209 97209 478 
54058 96771 486 
54472 89576 478 
49941 82045 463 
56126 105104 461 
49815 82519 472 
49627 95197 462 
49280 84754 506 
53348 105206 450 
67896 137400 489 
34199 33364 510 
33293 31031 588 
51183 88852 458 
53366 93202 461 
51366 87238 485 
52163 95283 507 
53296 84397 473 
50073 86820 459 
53573 95066 481 
55010 92975 453 
52461 91267 455 
53226 82416 495 
53094 102256 478 
54894 96807 448 
58398 106447 440 
53990 95941 484 
56488 103201 437 
72758 111270 389 
55623 89956 482 
52656 98173 489 
56331 97640 448 
49631 93182 431 
51857 99725 436 
48050 59603 550 
56499 106990 412 
55188 89603 477 
54076 88584 522 
55596 100709 434 
5016 71808 270 
45143 78444 442 
53330 97690 463 
52300 88602 439 
52770 90040 440 
46986 67274 524 
103347 165622 320 
54628 95403 445 
55589 99468 423 
54209 101141 472 
54602 94687 412 
59219 120029 351 
51610 86076 499 
52620 86121 506 
125372 188928 411 
51439 84417 504 
53035 91175 462 
61168 117539 417 
53117 96875 429 
50087 81682 497 
52177 95705 462 
52725 84526 466 
54527 87526 515 
54245 101676 444 
49546 82271 480 
53480 93671 433 
56926 96719 476 
51297 95044 451 
55339 95433 449 
52085 93056 477 
50796 80127 504 
50153 92727 449 
54006 100126 435 
56163 98189 484 
-5468 45845 382 
105341 169622 328 
55201 94575 458 
49649 84750 508 
56345 115273 377 
56067 96618 520 
53220 97167 449 
49509 83448 483 
51767 80338 487 
88747 146094 322 
47168 71618 509 
54310 94540 482 
53211 84305 485 
52329 90035 454 
52727 95175 469 
51222 90014 450 
53467 88816 433 
52123 78691 504 
57454 102876 510 
47863 65752 458 
80643 143496 402 
57039 96480 502 
43033 84144 454 
55846 90688 461 
53290 95321 470 
55709 98361 481 
53217 92389 453 
53801 87319 459 
52953 90128 493 
53961 86591 474 
59033 112509 414 
55478 92078 489 
51879 89369 517 
53229 92537 449 
51804 94455 451 
53626 96598 474 
56572 100175 451 
47940 78480 482 
54732 101280 448 
54859 107187 483 
54130 100292 440 
41359 44066 567 
107044 156460 378 
28731 9374 594 
55763 101255 417 
54621 104774 411 
55244 96211 486 
54288 103182 431 
56625 80272 532 
51352 93156 479 
54141 94297 461 
55777 91263 484 
53050 97871 459 
54704 101628 453 
49896 92189 454 
51575 85645 461 
49319 89811 479 
53602 92782 441 
56430 99292 445 
44235 55653 549 
40060 42727 596 
62930 118867 387 
53713 97582 463 
50977 91227 479 
54940 95106 448 
55322 94787 440 
53020 93448 479 
54904 93986 474 
53019 97656 434 
55201 85951 513 
52143 91535 463 
56944 109734 425 
51146 91399 433 
52800 92424 479 
54694 98554 454 
55081 104558 426 
-55 61582 252 
52651 82377 498 
47421 77790 503 
54396 96734 458 
52763 93201 457 
56082 114450 434 
57273 100674 468 
54498 115156 429 
51633 82985 507 
51375 89974 420 
56797 80488 496 
47137 47762 513 
54116 101667 474 
56944 100141 470 
51633 92231 464 
12146 86043 293 
54199 94029 481 
50717 88616 498 
72999 143885 415 
56240 99965 443 
51642 86077 489 
6921 76433 345 
48900 82889 469 
58127 102786 423 
60317 97013 511 
49558 74956 506 
57099 111653 456 
54743 91864 472 
53990 109701 386 
52355 95985 459 
54324 96198 454 
53603 97639 465 
-1385 80123 244 
51804 95931 485 
55290 94546 446 
52902 95674 453 
54645 95972 478 
57780 104066 432 
53842 98768 458 
52995 97597 481 
49518 75432 547 
54930 93587 450 
53015 94028 452 
54600 95451 473 
52257 92138 451 
54755 94284 469 
57498 104959 445 
15840 84945 361 
54892 95636 497 
51222 95671 425 
45015 54448 527 
57831 92020 490 
58706 118252 381 
53988 85832 468 
52851 88525 484 
52635 90404 502 
55306 96552 455 
53457 104070 445 
55089 94817 490 
53962 95440 450 
54853 90570 443 
52344 94112 474 
56863 87408 502 
51651 91712 446 
52546 83203 478 
53252 80133 567 
54138 101382 412 
51610 81994 422 
100673 139975 343 
69552 135028 446 
55255 69881 531 
53917 95359 462 
55101 95375 473 
52865 101786 442 
55280 98527 435 
52467 95358 473 
78362 133673 401 
51640 92674 448 
53956 95755 469 
55570 102252 438 
53345 93611 454 
59590 119818 381 
53090 94543 479 
55937 97439 467 
51816 93086 451 
54180 101116 436 
51825 95997 476 
54482 96966 457 
56067 102680 403 
49336 64072 546 
63685 131485 411 
72887 138546 432 
51660 93331 448 
49086 72183 574 
51862 87467 441 
57689 95550 441 
53450 92115 491 
52477 88077 476 
55776 97920 436 
53344 93630 493 
52914 85980 506 
48662 82633 479 
53671 91530 442 
52766 97179 471 
28693 -25520 713 
50778 86479 469 
54956 98368 483 
49999 86575 498 
49965 60916 557 
44355 64399 489 
39018 84269 384 
52470 91577 455 
56417 99716 443 
62197 113364 426 
2323 39786 415 
55160 90613 513 
52591 93895 449 
52125 92814 441 
52294 97148 475 
54500 105381 432 
56662 88333 480 
52466 94656 476 
53909 91792 509 
48736 86047 456 
51792 88358 470 
54870 94577 478 
4628 41353 430 
53217 100882 447 
53566 94180 456 
53970 101982 458 
50478 79619 516 
53688 87074 461 
43836 84532 395 
53113 74385 558 
50769 86666 471 
49719 74513 526 
67952 132228 390 
50572 93655 495 
53572 101819 395 
53153 98870 458 
53742 93698 480 
52977 91398 436 
56766 103905 428 
54818 94867 471 
-7864 38932 351 
53078 92270 486 
53308 90899 449 
48346 83954 446 
53951 86264 534 
55156 90069 469 
68932 129318 347 
52564 96527 472 
60941 117746 411 
50040 87725 469 
56691 104105 450 
52643 87600 492 
4731 75674 321 
51805 91395 462 
53106 87498 444 
54886 95325 481 
53787 97091 467 
55406 101359 434 
51175 80981 490 
54488 89461 466 
51567 83523 480 
54414 95740 432 
52944 98935 470 
53776 97254 464 
51717 94853 450 
52268 88463 482 
54706 91007 477 
50619 79787 471 
53814 89915 425 
55282 106754 463 
26197 16776 612 
51451 86577 466 
54509 87415 441 
47564 77585 442 
24267 22170 560 
50283 83094 451 
53082 102751 470 
59653 120891 455 
50889 90787 454 
55129 100864 472 
57473 113783 458 
51486 94866 441 
55787 102175 427 
53329 100276 469 
53354 93194 463 
52030 93945 454 
52553 89028 537 
43608 55255 551 
103930 149250 320 
58946 88435 483 
52296 78417 551 
53612 93494 459 
58699 101303 436 
53286 90424 489 
55585 96268 495 
54477 102122 441 
54470 92721 453 
54053 99723 474 
54963 104902 441 
51937 93188 462 
55363 101560 466 
55268 93984 492 
49628 87946 461 
54509 96332 448 
53425 100165 477 
52825 82348 455 
47925 79101 482 
53202 96827 473 
48605 79902 536 
59726 108595 425 
45446 54416 494 
47862 86500 478 
2751 76193 302 
52688 91325 468 
51962 72309 450 
52626 83168 495 
53807 87785 533 
53767 97638 442 
56211 108980 426 
58997 112766 447 
52671 97802 439 
48318 75826 478 
53816 90995 512 
52379 81153 537 
59449 99941 464 
53428 89982 482 
52636 89251 476 
53884 90420 446 
49077 78901 432 
53245 102407 395 
106699 172473 324 
56413 94157 501 
51109 92989 464 
52904 88700 490 
56483 103101 429 
54004 97183 441 
54867 96677 468 
52695 100268 457 
53730 96071 446 
50188 78884 477 
55867 106647 448 
51244 88970 457 
54497 106394 415 
51099 102850 448 
82649 132790 404 
53767 94028 439 
57276 123421 415 
53013 96909 471 
56448 105552 442 
56409 101676 407 
50353 101095 437 
56512 109315 473 
52302 97725 415 
53485 106660 402 
48708 74518 459 
53676 86321 466 
51866 84161 433 
54120 98269 477 
54276 87208 497 
58689 113899 398 
-9157 40490 277 
51774 96575 465 
53316 94022 476 
51912 78960 488 
61754 134088 394 
53275 99404 463 
54544 89070 480 
55572 101252 454 
49543 89226 447 
63674 99419 466 
66684 134583 398 
52830 95258 448 
57755 122726 441 
52292 94288 438 
57860 106035 427 
55977 104392 459 
52442 93491 495 
53324 93275 451 
56066 104745 415 
53256 93982 478 
5015 66021 345 
53735 96796 445 
53142 94152 453 
54195 97466 471 
52540 94204 494 
55367 96648 451 
52679 94664 452 
53982 92872 486 
45354 73227 504 
53789 96422 453 
7227 85844 241 
51690 96645 460 
54997 97440 498 
42273 44496 575 
102868 150747 352 
53466 117084 467 
48387 69460 483 
26560 13120 660 
58245 103973 473 
59186 111102 481 
54249 104690 430 
54478 97844 454 
51438 96518 470 
44632 60205 524 
50238 94469 457 
52896 93117 466 
49608 86003 510 
52595 91988 440 
59988 127725 407 
50967 91167 464 
52186 57173 584 
62723 112343 431 
55923 86801 594 
92073 165277 439 
57277 116056 409 
4592 44264 375 
51014 86805 479 
53504 92671 478 
50210 83511 462 
52226 92763 433 
55366 100141 459 
50976 95627 469 
54174 96639 443 
57034 111056 453 
53076 94447 471 
52702 80460 503 
50835 89280 428 
54796 96092 477 
51449 93190 477 
53592 94041 447 
50722 92930 471 
53156 91080 475 
55083 103601 429 
50987 92490 412 
53677 88341 471 
106403 155893 354 
57551 117292 411 
51487 87262 421 
57921 105025 459 
54247 82059 483 
51331 82235 451 
53053 85422 475 
53767 97360 458 
53144 93780 445 
54303 89178 496 
52274 97736 472 
49203 77072 501 
51304 86737 428 
53469 95859 472 
46875 74910 535 
60022 126581 386 
55406 97558 479 
55434 110455 454 
52423 91611 471 
64661 128946 373 
53797 85611 492 
53937 91940 470 
50895 87641 462 
48876 79457 494 
56928 105099 471 
53198 95761 447 
52207 81271 462 
51364 90490 487 
53393 92813 460 
55424 89475 453 
53981 102649 455 
55721 93576 506 
53038 96400 447 
54102 98383 444 
51308 92590 487 
53677 94598 458 
54058 94731 451 
51300 92623 467 
52531 81997 521 
57059 109183 396 
51106 81668 485 
45716 73364 499 
49559 79452 455 
47398 64427 512 
57411 101312 417 
52344 74169 543 
20577 6303 527 
48946 73565 520 
56270 106557 453 
50015 84507 461 
54365 98115 453 
54868 102050 466 
53706 93086 487 
55940 99059 443 
59946 109004 425 
55732 103944 461 
51128 78934 476 
52277 76449 454 
33262 55323 501 
53710 91862 519 
54170 85447 435 
55199 96743 466 
54318 87639 493 
55106 94965 450 
53159 94481 442 
55492 99301 455 
53591 96201 472 
54486 92748 450 
52548 93410 464 
54535 93980 476 
51812 93735 447 
-4196 60741 245 
54750 105910 404 
49119 88741 498 
51967 90397 483 
55244 93886 454 
53040 93836 478 
55151 97136 480 
51755 92638 453 
52527 79177 470 
58615 116480 401 
31686 34803 541 
60088 116490 404 
99352 154490 401 
58951 113904 416 
56594 104610 455 
51099 91157 396 
49759 94405 479 
52561 88308 500 
54276 89599 417 
53354 93378 489 
54274 96740 468 
3683 65033 369 
54634 96128 411 
52281 91641 440 
54340 90703 487 
52086 91872 466 
53494 83464 450 
57561 104943 443 
49950 82676 529 
49621 93338 414 
89426 156345 426 
53118 81016 539 
51446 93967 465 
53469 89840 455 
54083 100591 478 
52627 93998 493 
53606 86916 468 
52319 98299 450 
53071 93653 479 
49134 78693 475 
53026 94786 447 
53424 87383 491 
52146 93627 492 
55372 99102 435 
56363 101988 430 
51341 96309 468 
49985 88975 466 
55432 100487 449 
52701 84379 488 
51339 84466 518 
46116 54612 475 
50813 90795 458 
55007 102920 457 
52847 95707 458 
48163 73396 475 
53214 93834 500 
52066 94468 492 
53477 89958 458 
49142 86117 466 
57889 117693 443 
60502 116088 346 
52944 92419 454 
55714 94131 484 
9332 50584 384 
48193 72753 533 
49537 70388 445 
56853 95785 470 
54051 85289 563 
54226 86930 463 
48732 76633 517 
62710 107100 493 
59931 109338 462 
48170 72952 498 
53899 92196 464 
51136 86312 494 
55364 110217 412 
55598 93441 441 
54192 104114 449 
53401 89950 485 
50958 82959 476 
53758 93886 467 
55081 96493 467 
53423 106687 435 
53796 94593 431 
51269 92667 474 
53703 95248 476 
54985 96714 440 
52432 95890 462 
54842 100132 467 
-4016 87457 218 
58202 99347 470 
49083 82352 438 
42081 96091 430 
58679 111353 450 
50313 83463 427 
54426 88122 483 
52589 99378 425 
54003 93918 477 
53370 89358 463 
51668 93283 470 
53247 84658 490 
51999 92879 443 
44968 63119 580 
48310 80229 498 
51410 80224 484 
51811 83531 469 
53285 95755 479 
43117 49491 485 
56250 107091 405 
47487 51678 525 
78417 149713 407 
53018 94869 456 
50356 67633 433 
54713 110935 461 
52629 90757 469 
48720 80760 473 
50336 86483 482 
54951 94666 482 
52596 92081 458 
1428 62038 285 
60792 119627 405 
52179 95343 478 
54173 98875 452 
56812 97127 447 
54062 103332 458 
7542 76304 407 
55526 100299 482 
50507 89194 470 
54722 98467 448 
54839 92718 485 
52533 88139 478 
53566 95077 449 
50957 86053 488 
51318 90788 526 
74565 137847 342 
115246 183299 310 
52721 87698 484 
51862 89019 473 
62560 115983 373 
50521 87807 436 
62202 128744 458 
54342 96986 440 
55931 100243 438 
53900 96041 475 
55564 98427 424 
51002 88844 442 
54174 92354 480 
72055 139453 468 
53835 92257 445 
55650 101468 442 
57410 110731 495 
49167 84613 489 
91852 107571 437 
66127 118122 485 
104238 167980 362 
57004 98908 442 
52051 93824 462 
54894 97204 474 
59508 115684 395 
55698 102891 428 
51608 95462 473 
54122 101648 470 
55496 94231 448 
53692 90748 477 
55432 96032 471 
53146 95217 443 
54490 95825 428 
46577 83768 484 
56302 98278 486 
55907 95312 453 
48091 81267 473 
51165 89096 489 
56946 108420 434 
51543 91508 431 
49731 91076 463 
53112 81437 499 
52207 88012 463 
46369 69115 524 
45194 75592 471 
55975 85634 504 
48644 82117 469 
56392 110631 464 
58116 106205 480 
36990 39484 532 
54576 93429 476 
52417 98364 476 
52711 92565 440 
52973 96795 433 
54169 99697 454 
53208 91821 460 
55143 102362 429 
69128 124093 375 
51096 102191 446 
115185 168817 398 
45868 53906 520 
60922 115485 482 
49892 87181 478 
52257 91205 455 
57163 103206 472 
55330 109981 453 
54968 91140 453 
52430 92646 449 
54879 96394 475 
14412 77583 347 
52367 96094 461 
53270 91110 457 
51200 83628 482 
52553 91948 494 
53519 90399 464 
52778 92243 451 
54572 93946 479 
51308 98174 455 
51460 88809 459 
51871 100566 465 
43108 49774 547 
49976 100544 422 
70417 125807 374 
55395 96572 498 
51757 90721 450 
68201 120491 369 
53513 90270 487 
56084 97905 543 
50712 79651 464 
48085 78962 454 
52434 85207 521 
53135 90037 456 
52301 92911 454 
53096 94665 454 
50700 89184 507 
52313 86274 467 
51912 81766 464 
51523 92055 489 
43098 55217 502 
37638 34184 517 
72083 137757 396 
59689 104082 471 
63467 126590 456 
54513 93787 461 
51837 90497 486 
52216 90206 454 
54162 92614 455 
53447 99893 466 
49440 89163 483 
57854 100531 448 
55267 91597 493 
54768 95171 481 
8416 70452 405 
54300 93053 441 
52424 92811 440 
52770 91424 475 
51050 92484 478 
58557 106321 433 
52462 95520 448 
54031 99867 462 
52883 89773 453 
15633 83266 271 
50918 84138 434 
53145 83922 514 
55782 82125 504 
46136 67371 452 
57799 105198 493 
56080 99600 487 
51841 92737 455 
58107 104628 407 
51454 92331 482 
53185 94865 469 
52238 112524 357 
51590 75205 556 
53927 97441 458 
35455 46151 498 
47861 64868 484 
55458 98717 538 
60078 118879 448 
54924 93268 482 
57944 112964 432 
67972 134021 439 
100949 176516 271 
48464 64801 435 
47392 70153 541 
52730 85731 489 
55830 93470 449 
51213 82652 496 
55005 97644 483 
51761 95054 453 
52387 90211 452 
54489 94431 476 
60743 111363 454 
53882 94583 450 
51205 89910 490 
53508 96969 488 
52630 89792 457 
50976 94750 459 
54547 101578 463 
3442 77168 329 
55698 97098 451 
53662 95612 446 
60646 118468 442 
50860 91701 475 
67107 133313 433 
60794 122370 402 
51440 87259 490 
48563 60959 525 
45950 72379 543 
54444 93471 461 
51877 78949 531 
55941 90616 459 
60066 113220 405 
54099 96274 480 
51251 81320 515 
54813 100178 444 
56054 98832 451 
52662 91504 501 
55852 103312 441 
56380 110407 390 
53961 93549 471 
59170 116219 410 
96101 170589 374 
55843 104624 426 
54134 86068 509 
49993 79972 466 
65534 128843 398 
58028 103207 466 
52612 83138 465 
45657 74229 488 
52723 80481 502 
54162 86859 498 
53136 94390 443 
50563 78092 512 
51502 90481 482 
54286 93706 446 
52065 93366 439 
51821 94438 455 
65047 110657 436 
53825 96540 442 
57783 103432 460 
52510 88261 493 
50339 81344 467 
42527 63439 458 
56218 56649 624 
55160 93425 459 
106349 148223 328 
55558 92736 495 
101427 141749 418 
61760 120160 343 
58293 110993 362 
53646 92119 476 
49774 79078 491 
52609 89684 450 
50082 89359 475 
51672 89012 501 
54476 92088 452 
52322 91758 425 
47842 70338 529 
61014 125935 395 
55076 92579 447 
52003 77786 543 
26896 9400 616 
53106 52392 565 
47587 51527 529 
56175 104955 423 
57946 103726 463 
51476 88498 456 
52386 93499 466 
52067 98611 475 
51516 83313 477 
55361 99192 430 
50529 90221 483 
51663 89083 476 
55642 96734 439 
53433 97366 475 
53057 88211 503 
55137 94773 452 
53408 95420 446 
54912 95233 481 
60013 112672 444 
56890 103527 440 
51728 94544 477 
48906 84576 503 
47434 78119 450 
55468 106417 438 
55510 96169 484 
54301 91359 535 
53918 104262 394 
48910 88352 452 
54526 95395 496 
53762 102812 455 
54427 99745 445 
53463 101877 461 
52673 83940 481 
64690 122942 444 
55655 97605 503 
62679 121614 437 
54935 104254 423 
57262 107638 422 
50137 76707 509 
12557 51038 451 
50790 78059 490 
67202 126110 343 
42260 34661 543 
54379 108049 524 
74399 140085 359 
55842 94956 440 
55993 103696 462 
55057 93785 447 
48418 72937 498 
6398 58625 338 
53870 86088 483 
53325 92230 508 
54508 101374 434 
52642 96867 448 
54201 96567 476 
56144 90688 465 
54510 94537 448 
56604 99489 471 
8367 73376 358 
52612 88549 493 
53951 89035 457 
52769 92557 465 
55196 94469 489 
53685 92043 465 
87120 146420 364 
55341 96988 449 
-2593 62288 348 
50955 86693 482 
58340 107044 452 
52744 73306 559 
40351 45096 515 
52206 97779 439 
92084 135595 344 
56850 109724 440 
31819 47437 531 
56674 110200 392 
54313 95023 470 
53591 93308 478 
52827 92296 466 
81392 144910 315 
51832 88777 474 
62547 119953 459 
53966 95468 431 
58481 112914 455 
53258 96493 471 
49686 57500 546 
58399 96287 502 
50199 69617 518 
51766 93167 466 
55796 93708 448 
1626 65507 271 
52803 94933 476 
56409 94797 470 
53173 96197 459 
52990 97796 415 
49235 76645 518 
54537 98762 469 
54750 92738 452 
55209 102615 474 
54524 93855 484 
51887 93664 454 
55503 107594 433 
55564 99074 468 
51978 98696 478 
55322 94305 452 
-457 57139 312 
51989 87277 500 
22818 5622 658 
37514 50690 482 
36631 27469 560 
49662 79821 528 
54950 108968 384 
58748 94243 506 
57276 102272 482 
59570 108878 453 
54110 90807 477 
55009 105196 457 
58404 117201 409 
49403 74443 460 
53402 86295 469 
53852 97755 484 
51817 74428 542 
27040 -6415 721 
51906 83487 460 
44225 56824 549 
53306 99490 407 
26568 6115 650 
51113 59527 523 
49526 75825 606 
74130 142273 402 
53771 99609 455 
56076 96432 481 
49235 88142 444 
52395 94503 450 
54918 96540 470 
54234 103993 475 
55141 94845 448 
53139 100588 443 
54298 94520 480 
73580 130150 391 
54574 99262 434 
48942 87850 467 
46491 75338 505 
55443 92741 451 
52980 94563 458 
54961 95415 473 
68647 138035 375 
50140 83783 443 
50229 99474 466 
53149 91879 475 
58653 116817 443 
57207 100224 473 
45244 68085 525 
54187 95015 448 
54283 97412 427 
51002 84799 489 
56582 104877 471 
50624 89840 458 
81401 141861 374 
56258 92214 477 
67057 127741 413 
56159 101735 425 
106029 165395 278 
57435 102372 482 
52021 90014 465 
39577 33095 523 
51340 64401 588 
49414 76826 442 
53544 100578 409 
50881 90126 485 
48243 62573 542 
55882 98037 441 
51095 95129 489 
64453 111228 431 
56230 95858 461 
53091 94430 435 
54254 84992 486 
48826 86594 467 
53604 96158 441 
57992 105886 443 
60689 115259 446 
54703 97738 448 
55097 102038 410 
53086 93065 484 
53791 92238 466 
51064 88315 465 
55807 118128 404 
52504 110867 431 
51687 94443 440 
54020 96615 427 
49111 74663 541 
44078 92225 405 
39110 76483 402 
56330 95599 522 
54055 90043 507 
53587 103810 441 
52491 89734 464 
52400 99640 476 
50774 89423 461 
52959 101649 414 
50558 90705 469 
55439 102106 490 
53664 103521 429 
53225 94814 445 
50364 96810 495 
38432 21278 666 
35135 42765 494 
51118 63370 535 
55561 100545 529 
52095 83429 490 
54100 92522 459 
51346 92496 482 
13403 93643 369 
46787 80636 452 
55310 97548 445 
52716 95098 467 
52544 88359 501 
49245 84696 454 
52812 94128 464 
50644 91339 485 
51763 91180 448 
54002 89744 461 
54144 95472 476 
55312 94585 482 
54366 95818 430 
54676 95509 469 
55462 94604 483 
53563 88538 461 
54820 95167 451 
46979 55155 546 
51875 87384 487 
48820 77127 471 
59516 114868 447 
55141 76838 539 
49390 66342 519 
54099 91530 445 
57352 110797 478 
51222 82084 509 
54626 84621 468 
53509 105678 420 
54584 98899 478 
50225 52836 510 
57194 100836 427 
59215 110171 480 
48697 81187 502 
53574 98324 441 
3728 73509 302 
52729 78624 516 
65179 105083 450 
64871 124213 477 
56650 97983 435 
53723 81042 513 
50116 78748 500 
54780 98439 441 
53584 106732 442 
54732 95353 468 
52515 98838 475 
49083 76993 464 
51544 93572 478 
52798 92209 477 
54675 93020 450 
52456 94151 479 
54261 94291 489 
55153 101460 472 
53770 99573 426 
48122 71228 531 
53079 95300 464 
53752 90324 455 
53856 104507 469 
38417 88981 424 
55427 95881 444 
54499 101214 469 
49538 82959 482 
54095 105919 380 
50284 76223 527 
49907 86748 492 
52492 89511 506 
100198 168891 281 
46937 71665 428 
55735 90659 481 
53322 95559 464 
54634 99750 433 
52577 99338 465 
7391 66598 402 
66855 138151 488 
53601 99301 447 
53595 97035 447 
55996 105954 438 
1824 35374 400 
62126 122176 446 
54039 115785 424 
52225 100124 509 
60051 126468 426 
43985 60822 476 
50639 95658 452 
52335 93080 480 
54940 94753 449 
51237 88844 471 
54731 97038 468 
53702 87067 525 
54008 92223 459 
56456 101938 450 
51751 93258 482 
51241 87342 443 
53276 97781 445 
58597 105920 465 
55314 95949 486 
54844 98682 439 
54651 97184 455 
59422 110633 441 
44307 81294 415 
106492 159254 417 
49401 74419 522 
56199 82571 526 
58485 101989 444 
30288 26087 668 
62337 114881 524 
53878 104164 426 
51914 80370 458 
50843 85710 472 
53828 93458 474 
52641 81728 436 
48128 88050 447 
52044 87648 503 
53664 97656 458 
53529 97734 423 
54830 84878 500 
54194 88039 480 
102778 163743 288 
68154 125552 494 
66463 108703 502 
56875 97366 435 
54751 98207 441 
56434 110045 479 
49894 89459 491 
53092 91682 451 
55528 82648 476 
52217 91914 460 
46186 67272 507 
50961 85460 451 
54863 99922 466 
58997 108901 425 
52941 96749 444 
58437 105131 481 
52140 94081 483 
55354 98325 462 
55426 94352 439 
55181 101499 466 
55233 103303 450 
52361 93607 453 
54012 99444 467 
9932 72643 387 
51593 92446 477 
53421 96477 416 
53275 82545 446 
59199 117638 416 
60512 120515 418 
60637 113086 406 
52507 96240 466 
54676 93408 491 
52502 94294 456 
52489 92083 455 
57090 104536 460 
116339 150864 390 
56711 98740 451 
53782 95047 465 
53716 94355 488 
54333 97096 430 
53837 97026 454 
51110 76997 507 
58715 109513 419 
79729 146726 410 
17133 99097 263 
51124 76470 488 
60804 113765 515 
50976 87825 465 
55888 107745 430 
51469 87949 492 
53253 93680 451 
54702 92266 472 
55681 95442 492 
54470 95169 501 
54857 97850 433 
53424 97127 453 
54150 94241 485 
51159 91727 450 
53824 95013 467 
54955 95336 466 
52785 89948 504 
53176 90758 456 
50548 83426 474 
54167 95764 474 
98643 138864 334 
53106 91191 437 
51210 77792 484 
56409 107027 507 
52118 76879 486 
48402 76313 465 
48252 66184 526 
56227 94087 438 
22711 -17667 650 
54907 96929 480 
45355 82504 489 
53796 95967 444 
58100 107903 464 
60303 116778 479 
50262 66829 512 
58310 105299 413 
51708 79117 502 
55405 98617 466 
55801 96087 440 
73551 137705 401 
61624 120787 365 
51238 85475 462 
55762 91801 466 
53273 92358 472 
56340 104171 461 
53271 94365 443 
54612 94257 468 
57179 107593 437 
54840 96547 451 
52939 94216 442 
55275 107236 449 
55930 96692 464 
52856 93930 444 
54568 90457 481 
52181 93684 482 
54956 90889 478 
55625 112407 387 
52889 93826 470 
56053 98403 472 
52336 95914 444 
56393 79678 569 
65200 127397 376 
66629 127125 470 
50079 85828 481 
53971 85931 532 
74479 141708 386 
51501 88216 446 
50764 93616 459 
50383 88361 502 
52942 86555 541 
56554 98542 443 
52896 98423 479 
56989 117540 451 
55289 93713 453 
50196 71894 483 
50022 73644 520 
49610 80393 486 
166 54522 270 
53373 77030 505 
45939 68460 531 
2448 72724 324 
28594 8498 666 
28818 22218 516 
53711 101973 435 
46396 69033 480 
44097 61287 466 
54264 98852 454 
54346 97557 477 
53085 98259 449 
52657 92945 464 
56873 98498 464 
54252 93939 507 
54947 98793 447 
50095 91363 471 
53456 93665 480 
52776 93865 469 
53603 97371 452 
55369 96796 466 
53491 95954 490 
59088 101552 450 
56979 111135 441 
52013 85860 492 
54014 91072 449 
40915 97283 365 
54141 80525 495 
51210 96054 453 
52938 90229 465 
58818 121247 406 
47950 69664 552 
55540 96185 440 
53377 100421 441 
65106 121219 414 
59910 96271 564 
103929 184692 248 
2648 56252 322 
54534 97511 436 
54282 102995 458 
53888 77046 449 
52885 98171 432 
56391 105343 463 
53130 92631 490 
49867 82740 460 
67732 138287 371 
54949 104977 494 
57185 83829 505 
54048 92058 457 
59938 115581 478 
52440 88339 477 
55431 95417 444 
53246 94777 475 
54149 93598 473 
50835 82581 471 
53030 95906 428 
54017 94603 478 
58010 107385 428 
53392 93586 442 
53936 86678 487 
47052 73639 504 
54037 94871 458 
55408 95858 423 
54048 94499 479 
1730 68818 332 
53268 82637 518 
46267 63245 491 
66654 128341 438 
56133 96325 465 
53171 94374 458 
62237 109721 459 
48303 84722 448 
52188 91285 497 
52455 108071 392 
56072 102314 475 
53653 98214 446 
51194 86405 437 
54822 101230 433 
43813 63346 540 
46402 68686 476 
52125 89196 457 
53556 87828 485 
51054 96508 449 
58305 113202 434 
57923 114274 391 
57277 113630 437 
55810 116431 452 
53311 93833 481 
49683 64638 509 
51803 76467 510 
48482 76849 498 
55783 94729 449 
53721 99013 471 
56869 109560 433 
57090 80474 468 
52831 93434 472 
62777 117115 460 
53537 93116 451 
52979 90878 457 
44368 84047 497 
53112 90830 459 
55083 91364 472 
52892 94120 479 
56200 106642 469 
52172 93460 458 
53235 92584 454 
59572 116346 460 
57856 115909 389 
123797 189356 343 
49198 82708 484 
49404 79692 489 
54438 93139 444 
54622 78946 522 
53504 81730 466 
51552 96595 396 
53005 91857 451 
56504 101559 464 
53026 91036 484 
54653 94586 444 
54754 100854 439 
60671 126189 407 
106282 174555 306 
53653 88228 469 
56609 126457 396 
51235 84146 492 
56570 87886 476 
19706 -29157 652 
48371 93904 444 
59982 119307 436 
53538 72776 525 
53807 88300 486 
53721 94811 476 
53339 87076 464 
68426 119114 413 
48885 81233 490 
53086 84770 469 
54122 95139 417 
52782 83921 514 
52778 96093 469 
53866 95117 444 
56988 103916 453 
53103 92337 479 
55459 97411 442 
54511 100457 438 
52853 90211 486 
52053 96433 468 
53963 97317 446 
25430 22310 545 
53628 96296 466 
55822 98886 462 
46919 78884 441 
52608 72998 559 
58659 96177 484 
76276 141674 349 
51222 72190 495 
66141 131878 388 
7666 49487 378 
52954 90181 455 
49443 70262 469 
45957 80801 497 
43423 58517 533 
55982 99013 447 
51874 88417 488 
47733 73535 532 
61307 104958 441 
53060 81810 479 
58509 112267 460 
-1853 65124 279 
116455 173254 369 
54517 69249 540 
51747 91422 449 
47519 82766 449 
57461 107452 420 
48463 73639 483 
52413 83915 492 
11665 80509 326 
53203 93794 453 
51009 94632 453 
53243 93187 475 
49514 78530 537 
53864 97680 440 
52280 87378 456 
51047 88878 491 
56814 107956 442 
55593 93954 461 
54381 100827 460 
55503 95703 496 
58610 112719 431 
53228 98295 435 
61563 119044 443 
70763 109741 503 
53747 90397 441 
49626 56488 551 
46671 83162 481 
53814 96648 455 
51354 92182 390 
52794 97411 470 
55306 107377 427 
53891 101126 453 
62603 123983 405 
52046 90047 508 
50866 89186 455 
53330 97237 453 
55347 96515 475 
50885 83129 470 
52286 80453 478 
49220 86764 479 
11960 99235 299 
49543 94387 483 
32116 15090 514 
122301 215418 308 
49482 80130 443 
44417 48923 492 
50213 64002 537 
57695 78629 540 
49740 90647 482 
53817 95033 441 
56158 97773 471 
52823 95858 467 
79009 137193 371 
55345 94980 439 
54308 95778 471 
55189 96667 466 
52580 93569 442 
52016 84815 481 
74394 118333 409 
62116 113188 436 
54807 92211 427 
54632 101013 463 
53840 89207 492 
46029 74907 468 
57263 106694 463 
51197 98991 460 
51244 96195 465 
54793 104515 383 
47790 84872 447 
48665 76523 515 
63223 117504 476 
52196 91944 487 
53497 97525 477 
54958 93116 454 
64243 131316 396 
56140 102634 475 
51946 90044 488 
56146 105159 409 
54370 89261 488 
55967 108257 476 
55982 101531 449 
50411 81907 462 
50923 76159 494 
67265 118653 389 
51476 92371 426 
92165 149009 366 
58523 119858 498 
53294 92065 451 
50348 91010 460 
51446 85189 504 
56979 110840 459 
52852 92894 456 
59515 97343 487 
52822 100357 477 
63511 120743 403 
51284 93052 454 
53691 96495 472 
55242 96229 453 
56174 93456 466 
53326 85140 487 
54253 97147 490 
60808 115422 421 
57980 102386 436 
54262 90446 478 
51911 90670 451 
52226 94292 464 
65633 112758 421 
50228 89065 477 
52471 83439 528 
52860 70821 532 
48696 85019 463 
56769 104039 446 
50375 86029 455 
53405 105818 419 
54270 92857 488 
52721 89360 446 
51534 84002 476 
51561 93257 474 
54681 105943 426 
55473 95530 469 
53130 93611 470 
52611 78767 532 
60508 108429 415 
52045 96761 452 
48409 74806 526 
52048 81032 474 
46584 51030 518 
59757 106584 448 
53449 97481 464 
52445 96535 441 
55370 105004 447 
51616 93340 477 
54935 95576 460 
54717 92566 437 
52760 93784 471 
54943 94655 475 
53145 98145 440 
53905 97229 467 
52007 94533 474 
52787 100046 429 
55598 100562 423 
52474 90808 483 
55042 102886 461 
53188 63100 575 
41872 51643 528 
51374 84899 492 
50584 76254 502 
84899 145596 344 
52324 86141 485 
58397 123004 464 
54338 90456 524 
61632 107611 435 
57855 108692 440 
50406 84588 476 
52054 93971 445 
50853 86290 494 
54617 106434 449 
53987 99685 421 
47331 86261 474 
52300 102663 449 
108033 165395 313 
79235 137308 355 
62286 99343 552 
31384 37220 462 
51872 85096 470 
58422 124597 387 
55445 99088 460 
57784 99056 444 
55816 99570 438 
53150 97282 473 
55017 95168 462 
50918 87794 462 
52714 84944 506 
52903 102339 477 
51563 87005 461 
55031 94577 455 
52718 94457 480 
52072 84258 470 
57804 100532 439 
50452 84766 474 
55452 96481 493 
50718 85274 466 
53467 97478 433 
52036 93723 462 
105244 170091 295 
53840 93661 449 
52392 99135 441 
59795 114855 483 
58969 112532 433 
56344 100941 504 
55133 90483 514 
50167 82679 470 
87537 105430 354 
52219 88763 462 
51484 77995 521 
57314 95858 449 
62470 123633 430 
53661 93611 479 
60205 105032 455 
39911 87931 438 
53228 88076 484 
52382 91275 503 
40764 34021 594 
60497 127556 407 
74420 143715 401 
56687 95375 472 
47915 75054 462 
52913 89919 465 
51110 86911 501 
52815 92734 450 
54527 93910 463 
51612 92983 478 
53554 94430 443 
56334 99640 425 
52066 97198 457 
50832 93808 460 
54957 97305 448 
12604 91668 275 
54480 97349 459 
55996 98335 471 
52591 96601 445 
53265 86357 472 
55845 97044 478 
54150 92655 498 
48305 82675 454 
52928 75354 522 
52946 94829 473 
73853 128184 377 
54621 107181 359 
54988 107501 457 
48642 81892 448 
68403 116179 427 
53700 86531 506 
55728 100958 451 
55125 98673 427 
54292 99389 429 
52165 100573 457 
54380 94304 482 
55140 95779 451 
56502 107826 428 
53206 96931 467 
53057 73704 521 
52962 99296 428 
56986 126193 414 
50836 90275 463 
51395 86153 466 
57119 119841 409 
54634 105594 454 
50919 88823 435 
51787 93023 447 
52871 93473 482 
53633 90548 469 
51839 94989 448 
53768 97022 479 
55311 95257 487 
52589 93616 458 
53788 95130 447 
54000 100470 479 
52880 93131 464 
55763 95681 451 
59849 112545 464 
55005 98901 490 
57174 103295 454 
60346 113221 428 
45521 62536 532 
53870 95049 477 
57105 100736 442 
50972 68864 557 
12031 62330 417 
51510 92680 510 
53353 83060 524 
51156 87866 492 
49877 94045 437 
53959 98896 459 
54334 93218 476 
52115 99145 451 
52330 92450 493 
55474 97489 437 
50975 92815 469 
53597 92441 483 
51402 88791 467 
60088 107472 489 
50152 74941 492 
51306 95730 479 
16417 -16965 617 
115549 169967 392 
53422 92920 484 
60307 122660 396 
44766 54881 462 
56361 86114 477 
57028 106847 460 
52778 93882 445 
54531 95096 461 
51410 91143 488 
53546 96119 443 
54728 93840 436 
52407 92894 473 
47635 85336 482 
58175 104076 436 
51400 86691 469 
55634 94754 478 
53788 88226 482 
54409 92286 434 
50784 85981 487 
54166 94028 487 
46106 74815 443 
52944 95341 458 
61739 102352 475 
48022 85901 445 
55263 106738 401 
58008 96157 485 
52970 102808 497 
55818 94377 413 
53445 97474 479 
54751 101797 468 
59580 92064 409 
54446 96175 436 
55255 93669 477 
60632 124448 404 
53236 95774 447 
56521 105949 464 
52157 97317 454 
60036 101121 472 
47145 81855 442 
65476 140424 407 
54474 94724 502 
55060 108269 404 
51576 85253 503 
62771 120487 471 
53566 105613 431 
56206 103557 419 
49042 86093 492 
53603 93590 467 
56144 97175 440 
51964 85595 495 
53791 93884 480 
53247 99282 448 
51097 88248 442 
54147 94313 486 
52292 91626 466 
53408 92436 452 
54631 91854 483 
51676 85637 509 
53147 87613 445 
48747 81886 466 
36072 4057 683 
59283 117210 436 
54340 89998 455 
53536 105335 449 
51999 77140 542 
54982 91411 509 
31293 19237 643 
56081 85014 505 
46431 57137 538 
52476 82535 498 
9698 50750 330 
53224 95126 472 
57350 110913 516 
50499 87270 459 
54057 102727 436 
60528 120763 472 
46790 76232 458 
50323 77674 484 
72602 133977 389 
59419 131282 403 
37678 30434 553 
55758 106126 423 
53843 95892 488 
52431 82067 457 
25917 51182 454 
52845 100034 465 
55798 94292 487 
52900 93141 450 
51357 83339 458 
52592 94539 483 
53779 94967 443 
55150 93166 446 
54471 105059 444 
209 56538 411 
54538 88695 490 
53838 101095 437 
53295 92500 464 
51317 94514 478 
52840 99873 422 
55926 98552 435 
53736 100154 467 
54969 75535 509 
56697 104118 410 
58300 96086 483 
49522 85080 499 
52566 78096 465 
51325 75878 436 
53196 93278 477 
52821 102005 419 
58324 92833 444 
62537 107570 433 
52398 93154 443 
51360 96416 445 
53122 89294 442 
55886 106853 447 
51661 76335 496 
51177 89833 446 
49718 99102 428 
54154 89456 471 
51959 98224 464 
49199 82274 392 
62984 103056 513 
-6696 47020 353 
45876 68378 475 
45178 53482 524 
53241 93083 525 
52490 89184 469 
57890 92594 492 
56167 98315 433 
53912 97438 476 
73289 130136 395 
52643 96020 443 
9192 75531 280 
56777 104626 448 
55524 95839 472 
49592 83838 468 
55562 103145 421 
53486 96911 476 
53767 93835 464 
55865 97646 437 
51593 90554 483 
54723 89544 506 
56707 100884 437 
47364 78343 458 
54983 89392 494 
52809 94681 462 
53260 87460 482 
49293 87635 473 
52783 100055 486 
47029 65404 437 
54834 97549 411 
56222 99944 466 
53736 86619 473 
100970 175019 255 
2993 51429 345 
53719 96935 455 
47407 76433 516 
49563 96419 399 
56393 104557 425 
52188 95109 476 
54872 98033 449 
50922 86146 474 
56858 100651 486 
59790 109221 495 
115497 166615 397 
45750 62754 478 
51844 93289 485 
58953 94594 474 
46608 63952 454 
54296 100328 465 
54549 93081 492 
52056 92631 450 
53611 92565 459 
51411 94728 479 
55295 106960 427 
55125 99917 437 
55538 101098 445 
60500 123254 427 
55402 95057 443 
52589 93703 459 
54757 95812 479 
56701 111848 433 
53682 90361 454 
53447 91038 479 
33820 17347 681 
45312 64079 467 
59075 108613 440 
52441 92324 464 
53919 99682 439 
49961 90414 432 
57556 103415 461 
50442 63757 597 
55065 104940 424 
55063 94311 465 
52716 99012 483 
55530 103883 441 
49496 81623 476 
53014 95842 484 
55504 93769 493 
54264 96900 437 
60594 120896 427 
62019 103256 461 
8717 85467 336 
50260 80460 471 
101803 175345 220 
28055 29512 533 
60484 115694 411 
51200 78510 445 
53910 95146 519 
50243 82847 467 
56200 88100 476 
51077 88306 451 
53831 96014 474 
57385 103347 448 
52536 92575 451 
54171 94135 477 
52088 96248 475 
56346 107279 442 
54487 95751 433 
52863 97312 470 
55228 96873 477 
55273 94306 446 
50821 76309 541 
54825 86767 498 
50999 87983 462 
59652 104556 461 
69316 137219 401 
51118 90220 461 
54982 96506 440 
3219 70436 296 
50743 88282 486 
51858 81569 512 
55274 93434 455 
57009 101447 457 
57142 110033 509 
52380 94456 460 
53409 93019 450 
52090 90978 486 
53566 96367 490 
82989 147887 434 
50354 82480 482 
58769 108601 502 
58450 97784 462 
54659 92171 467 
53151 86697 486 
57732 118905 455 
50013 98941 421 
47017 69058 471 
51327 90588 488 
54065 111732 403 
55354 91850 467 
53104 103557 454 
54536 107573 461 
55037 94683 452 
51672 93576 457 
53902 99473 467 
46735 75515 471 
59219 110374 433 
53516 94605 469 
55572 101840 483 
51223 92279 449 
54256 94598 461 
54157 95497 477 
55153 96714 441 
53384 89726 457 
54457 91906 481 
50721 81285 515 
73149 135529 398 
63718 127540 423 
48473 80188 479 
51254 83743 472 
50275 83475 477 
55265 99276 482 
46505 62334 522 
57267 102586 440 
44635 58131 479 
55651 96398 466 
3443 23016 401 
55308 106828 431 
56810 89200 437 
51104 91878 479 
48915 90877 464 
50524 83751 477 
54630 97311 472 
58826 109919 433 
58424 102728 425 
65060 125595 416 
56255 99866 473 
55436 104360 507 
51861 102651 382 
52187 92644 482 
52431 82309 465 
50064 83571 459 
51110 92836 416 
54574 95270 477 
53122 91178 473 
54798 100940 437 
54126 87209 485 
51187 93400 469 
55893 89475 449 
51904 94617 439 
53812 94552 478 
55670 95747 466 
52555 93668 446 
56187 110269 460 
49555 85137 499 
58372 101351 449 
45166 74772 461 
87986 159825 430 
53095 92892 482 
46228 46662 517 
53210 89133 509 
